2.71900 0.16316
2.75700 0.15789
2.79500 0.20000
2.83300 0.21053
2.87100 0.33158
2.90900 0.34211
2.94700 0.35789
2.98500 0.46316
3.02300 0.48421
3.06100 0.57368
3.09900 0.65789
3.13700 0.58947
3.17500 0.74737
3.21300 0.79474
3.25100 0.90526
3.28900 0.94737
3.32700 0.85789
3.36500 0.95263
3.40300 0.87368
3.44100 1.08421
3.47900 1.01579
3.51700 0.95789
3.55500 1.09474
3.59300 0.93684
3.63100 1.01053
3.66900 0.87895
3.70700 0.80000
3.74500 0.80526
3.78300 0.81579
3.82100 0.65789
3.85900 0.64211
3.89700 0.53684
3.93500 0.54737
3.97300 0.52632
4.01100 0.45789
4.04900 0.37895
4.08700 0.41053
4.12500 0.27368
4.16300 0.23158
4.20100 0.15789
4.23900 0.18421
4.27700 0.15263
4.31500 0.13684
4.35300 0.07895
4.39100 0.12632
4.42900 0.08947
4.46700 0.05263
4.50500 0.01579
4.54300 0.02632
4.58100 0.01053
