2.71900 0.20000
2.75700 0.17368
2.79500 0.24211
2.83300 0.28947
2.87100 0.29474
2.90900 0.35263
2.94700 0.36316
2.98500 0.40000
3.02300 0.48947
3.06100 0.47368
3.09900 0.62632
3.13700 0.71053
3.17500 0.74211
3.21300 0.77368
3.25100 0.76842
3.28900 0.80526
3.32700 0.91579
3.36500 0.84211
3.40300 0.93684
3.44100 1.07368
3.47900 1.02632
3.51700 0.91579
3.55500 0.85263
3.59300 0.91053
3.63100 0.91053
3.66900 1.03158
3.70700 0.93684
3.74500 0.86842
3.78300 0.79474
3.82100 0.74211
3.85900 0.62632
3.89700 0.54211
3.93500 0.64737
3.97300 0.56842
4.01100 0.47895
4.04900 0.34211
4.08700 0.35263
4.12500 0.30526
4.16300 0.26316
4.20100 0.18947
4.23900 0.19474
4.27700 0.19474
4.31500 0.10526
4.35300 0.12632
4.39100 0.09474
4.42900 0.04211
4.46700 0.03684
4.50500 0.02632
4.54300 0.01053
4.58100 0.01579
