2.71900 0.12632
2.75700 0.24211
2.79500 0.17368
2.83300 0.23158
2.87100 0.30000
2.90900 0.34737
2.94700 0.41579
2.98500 0.53158
3.02300 0.44737
3.06100 0.53158
3.09900 0.61053
3.13700 0.64211
3.17500 0.70526
3.21300 0.64211
3.25100 0.77895
3.28900 0.81579
3.32700 0.93158
3.36500 0.90000
3.40300 1.02105
3.44100 0.98947
3.47900 1.02105
3.51700 1.06316
3.55500 1.12632
3.59300 0.98947
3.63100 1.00526
3.66900 0.80526
3.70700 0.79474
3.74500 0.80000
3.78300 0.80526
3.82100 0.79474
3.85900 0.65263
3.89700 0.45789
3.93500 0.57368
3.97300 0.45263
4.01100 0.50000
4.04900 0.42105
4.08700 0.34211
4.12500 0.32632
4.16300 0.27895
4.20100 0.21579
4.23900 0.15263
4.27700 0.15789
4.31500 0.12105
4.35300 0.10526
4.39100 0.10000
4.42900 0.08421
4.46700 0.04211
4.50500 0.02105
4.54300 0.04737
4.58100 0.02632
