0	0.0833333358	20.0503273010	14.3224840164	617.9315795898	0.0017683884	
1	0.1666666716	20.0979290009	12.8134565353	619.3986206055	0.0035367769	
2	0.2500000000	20.1428050995	11.3884105682	620.7816772461	0.0053051654	
3	0.3333333433	20.1849575043	10.0473461151	622.0807495117	0.0070735537	
4	0.4166666865	20.2243843079	8.7902641296	623.2958374023	0.0088419421	
5	0.5000000000	20.2610855103	7.6171641350	624.4269409180	0.0106103308	
6	0.5833333135	20.2950630188	6.5280461311	625.4741210938	0.0123787196	
7	0.6666666269	20.3263149261	5.5229096413	626.4372558594	0.0141471084	
8	0.7499999404	20.3548412323	4.6017551422	627.3164062500	0.0159154963	
9	0.8333332539	20.3806419373	3.7645826340	628.1115722656	0.0176838841	
10	0.9166665673	20.4037189484	3.0113921165	628.8227539062	0.0194522720	
11	0.9999998808	20.4240703583	2.3421833515	629.4499511719	0.0212206598	
12	1.0833332539	20.4416961670	1.7569565773	629.9931640625	0.0229890477	
13	1.1666666269	20.4565982819	1.2557119131	630.4524536133	0.0247574355	
14	1.2500000000	20.4687747955	0.8384490609	630.8276977539	0.0265258234	
15	1.3333333731	20.4782257080	0.5051680803	631.1190185547	0.0282942113	
16	1.4166667461	20.4849529266	0.2558689117	631.3262939453	0.0300625991	
17	1.5000001192	20.4889545441	0.0905516297	631.4496459961	0.0318309888	
18	1.5833334923	20.4902305603	0.0092162080	631.4889526367	0.0335993767	
19	1.6666668653	20.4887828827	0.0118626552	631.4443359375	0.0353677645	
20	1.7500002384	20.4846096039	0.0984909683	631.3157348633	0.0371361524	
21	1.8333336115	20.4777107239	0.2691011429	631.1030883789	0.0389045402	
22	1.9166669846	20.4680881500	0.5236931443	630.8065795898	0.0406729281	
23	2.0000002384	20.4557399750	0.8622670174	630.4260253906	0.0424413159	
24	2.0833334923	20.4406661987	1.2848227024	629.9614257812	0.0442097038	
25	2.1666667461	20.4228687286	1.7913603783	629.4129638672	0.0459780917	
26	2.2500000000	20.4023456573	2.3818800449	628.7804565430	0.0477464795	
27	2.3333332539	20.3790969849	3.0563817024	628.0639648438	0.0495148674	
28	2.4166665077	20.3531227112	3.8148651123	627.2634277344	0.0512832552	
29	2.4999997616	20.3244247437	4.6573305130	626.3789672852	0.0530516431	
30	2.5833330154	20.2930011749	5.5837779045	625.4105224609	0.0548200309	
31	2.6666662693	20.2588520050	6.5942072868	624.3580932617	0.0565884188	
32	2.7499995232	20.2219791412	7.6886181831	623.2217407227	0.0583568066	
33	2.8333327770	20.1823806763	8.8670110703	622.0013427734	0.0601251945	
34	2.9166660309	20.1400566101	10.1293859482	620.6969604492	0.0618935823	
35	2.9999992847	20.0950088501	11.4757432938	619.3085937500	0.0636619702	
36	3.0833325386	20.0472354889	12.9060821533	617.8363037109	0.0654303581	
37	3.1666657925	19.9967365265	14.4204025269	616.2799682617	0.0671987459	
38	3.2496094704	19.9983882904	0.0000000000	616.3308715820	0.0699612126	
39	3.3263690472	19.9997100830	0.0000000000	616.3715820312	0.0604274645	
40	3.3969445229	20.0007686615	0.0000000000	616.4042358398	0.0385893434	
41	3.4613361359	20.0016155243	0.0000000000	616.4302978516	0.0044402815	
42	3.5195436478	20.0022926331	0.0000000000	616.4511718750	-0.0420249477	
43	3.5737569332	20.0028343201	0.0000000000	616.4678955078	-0.0964479223	
44	3.6279752254	20.0032672882	0.0000000000	616.4812622070	-0.1508610547	
45	3.6821973324	20.0036144257	0.0000000000	616.4919433594	-0.2052663565	
46	3.7364225388	20.0038909912	0.0000000000	616.5004272461	-0.2596653700	
47	3.7906503677	20.0041122437	0.0000000000	616.5072631836	-0.3140594065	
48	3.8448801041	20.0042896271	0.0000000000	616.5127563477	-0.3684494197	
49	3.8991115093	20.0044307709	0.0000000000	616.5170898438	-0.4228361845	
50	3.9533443451	20.0045452118	0.0000000000	616.5206298828	-0.4772203863	
51	4.0075783730	20.0046367645	0.0000000000	616.5234375000	-0.5316025019	
52	4.0618128777	20.0047092438	0.0000000000	616.5256958008	-0.5859829783	
53	4.1160483360	20.0047664642	0.0000000000	616.5274658203	-0.6403621435	
54	4.1702842712	20.0048122406	0.0000000000	616.5288696289	-0.6947402358	
55	4.2245206833	20.0048503876	0.0000000000	616.5300292969	-0.7491174936	
56	4.2787570953	20.0048809052	0.0000000000	616.5309448242	-0.8034940958	
57	4.3329939842	20.0049037933	0.0000000000	616.5316772461	-0.8578701019	
58	4.3872308731	20.0049228668	0.0000000000	616.5322265625	-0.9122457504	
59	4.4414682388	20.0049381256	0.0000000000	616.5327148438	-0.9666210413	
60	4.4957056046	20.0049495697	0.0000000000	616.5330810547	-1.0209960938	
61	4.5499429703	20.0049591064	0.0000000000	616.5333862305	-1.0753709078	
62	4.6041803360	20.0049667358	0.0000000000	616.5336303711	-1.1297456026	
63	4.6584181786	20.0049724579	0.0000000000	616.5338134766	-1.1841201782	
64	4.7126560211	20.0049781799	0.0000000000	616.5339355469	-1.2384945154	
65	4.7668938637	20.0049819946	0.0000000000	616.5340576172	-1.2928687334	
66	4.8211317062	20.0049858093	0.0000000000	616.5341796875	-1.3472429514	
67	4.8753695488	20.0049877167	0.0000000000	616.5342407227	-1.4016170502	
68	4.9296073914	20.0049896240	0.0000000000	616.5343017578	-1.4559911489	
69	4.9838452339	20.0049915314	0.0000000000	616.5343627930	-1.5103652477	
70	5.0380830765	20.0049934387	0.0000000000	616.5344238281	-1.5647392273	
71	5.0923314095	20.0029373169	0.0238963235	616.4710693359	-1.6191430092	
72	5.1465797424	19.9981575012	0.1292411536	616.3237304688	-1.6735467911	
73	5.2008280754	19.9906520844	0.3185678422	616.0924682617	-1.7279505730	
74	5.2550764084	19.9804210663	0.5918763876	615.7771606445	-1.7823543549	
75	5.3093247414	19.9674644470	0.9491667747	615.3778076172	-1.8367581367	
76	5.3635730743	19.9517841339	1.3904390335	614.8945922852	-1.8911619186	
77	5.4178214073	19.9333782196	1.9156930447	614.3273315430	-1.9455657005	
78	5.4720697403	19.9122467041	2.5249292850	613.6760864258	-1.9999694824	
79	5.5263180733	19.8883914948	3.2181472778	612.9408569336	-2.0543732643	
80	5.5805664062	19.8618106842	3.9953472614	612.1217041016	-2.1087770462	
81	5.6348147392	19.8325042725	4.8565292358	611.2185058594	-2.1631808281	
82	5.6890630722	19.8004741669	5.8016929626	610.2313232422	-2.2175846100	
83	5.7433114052	19.7657184601	6.8308386803	609.1602172852	-2.2719883919	
84	5.7975597382	19.7282371521	7.9439663887	608.0050659180	-2.3263921738	
85	5.8518080711	19.6880321503	9.1410760880	606.7659912109	-2.3807959557	
86	5.9060564041	19.6451015472	10.4221677780	605.4429321289	-2.4351997375	
87	5.9603047371	19.5994453430	11.7872409821	604.0358276367	-2.4896035194	
88	6.0145530701	19.5510654449	13.2362966537	602.5447998047	-2.5440073013	
89	6.0688014030	19.4999599457	14.7693338394	600.9697875977	-2.5984110832	
90	6.1230497360	19.4461288452	16.3863525391	599.3107910156	-2.6528148651	
91	6.1772980690	19.3895740509	18.0873546600	597.5678100586	-2.7072186470	
92	6.2315464020	19.3302936554	19.8723373413	595.7408447266	-2.7616224289	
93	6.2857947350	19.2682876587	21.7413024902	593.8298950195	-2.8160262108	
94	6.3400430679	19.2035560608	23.6942481995	591.8348999023	-2.8704299927	
95	6.3942914009	19.1361007690	25.7311782837	589.7559814453	-2.9248337746	
96	6.4485397339	19.0659198761	27.8520851135	587.5930786133	-2.9792375565	
97	6.5027880669	18.9930133820	30.0569744110	585.3461914062	-3.0336413383	
98	6.5570363998	18.9173831940	32.3458442688	583.0153198242	-3.0880451202	
99	6.6112847328	18.8390274048	34.7186965942	580.6004638672	-3.1424489021	
100	6.6655330658	18.7579460144	37.1755332947	578.1016235352	-3.1968526840	
101	6.7197813988	18.6741409302	39.7163467407	575.5188598633	-3.2512564659	
102	6.7740297318	18.5876102448	42.3411445618	572.8520507812	-3.3056602478	
103	6.8282780647	18.4983539581	45.0499229431	570.1012573242	-3.3600640297	
104	6.8825263977	18.4063739777	47.8426856995	567.2665405273	-3.4144678116	
105	6.9367747307	18.3116683960	50.7194290161	564.3477783203	-3.4688715935	
106	6.9910230637	18.2142372131	53.6801528931	561.3450927734	-3.5232753754	
107	7.0452713966	18.1140823364	56.7248573303	558.2583618164	-3.5776791573	
108	7.0995197296	18.0112018585	59.8535461426	555.0877075195	-3.6320829391	
109	7.1537680626	17.9055957794	63.0662155151	551.8330688477	-3.6864867210	
110	7.2080163956	17.7972660065	66.3628616333	548.4944458008	-3.7408905029	
111	7.2622647285	17.6862106323	69.7434997559	545.0717773438	-3.7952942848	
112	7.3165130615	17.5724296570	73.2081146240	541.5651855469	-3.8496980667	
113	7.3707613945	17.4559230804	76.7567062378	537.9745483398	-3.9041018486	
114	7.4250097275	17.3366928101	80.3892822266	534.2999877930	-3.9585056305	
115	7.4792580605	17.2147369385	84.1058425903	530.5414428711	-4.0129094124	
116	7.5335063934	17.0900554657	87.9063873291	526.6988525391	-4.0673131943	
117	7.5877547264	16.9626502991	91.7909088135	522.7723999023	-4.1217169762	
118	7.6420030594	16.8325195312	95.7594146729	518.7619018555	-4.1761207581	
119	7.6962513924	16.6996631622	99.8118972778	514.6673583984	-4.2305245399	
120	7.7504997253	16.5640830994	103.9483795166	510.4889221191	-4.2849283218	
121	7.8047480583	16.4257774353	108.1688308716	506.2264709473	-4.3393321037	
122	7.8589963913	16.2847461700	112.4732589722	501.8800354004	-4.3937358856	
123	7.9132447243	16.1409912109	116.8616714478	497.4496459961	-4.4481396675	
124	7.9674930573	15.9945106506	121.3340682983	492.9352416992	-4.5025434494	
125	8.0217409134	15.8453054428	125.8904418945	488.3368835449	-4.5569472313	
126	8.0759887695	15.6933746338	130.5308074951	483.6545410156	-4.6113510132	
127	8.1302366257	15.5387191772	135.2551422119	478.8882141113	-4.6657547951	
128	8.1844844818	15.3813381195	140.0634613037	474.0378723145	-4.7201585770	
129	8.2387323380	15.2212324142	144.9557647705	469.1035766602	-4.7745623589	
130	8.2929801941	15.0584020615	149.9320526123	464.0852966309	-4.8289661407	
131	8.3472280502	14.8928461075	154.9923095703	458.9830322266	-4.8833699226	
132	8.4014759064	14.7245655060	160.1365661621	453.7967834473	-4.9377737045	
133	8.4557237625	14.5535602570	165.3647918701	448.5265808105	-4.9921774864	
134	8.5099716187	14.3798294067	170.6770019531	443.1723632812	-5.0465812683	
135	8.5642194748	14.2033739090	176.0731964111	437.7341613770	-5.1009850502	
136	8.6184673309	14.0241937637	181.5533752441	432.2120056152	-5.1553888321	
137	8.6727151871	13.8422880173	187.1175231934	426.6058349609	-5.2097926140	
138	8.7269630432	13.6576576233	192.7656707764	420.9157104492	-5.2641963959	
139	8.7812108994	13.4703016281	198.4977874756	415.1416015625	-5.3186001778	
140	8.8354587555	13.2802209854	204.3138885498	409.2834777832	-5.3730039597	
141	8.8897066116	13.0874156952	210.2139739990	403.3414306641	-5.4274077415	
142	8.9439544678	12.8918848038	216.1980285645	397.3153381348	-5.4818115234	
143	8.9982023239	12.6936292648	222.2660827637	391.2052917480	-5.5362153053	
144	9.0524501801	12.4926490784	228.4181060791	385.0112915039	-5.5906190872	
145	9.1066980362	12.2889432907	234.6541137695	378.7332763672	-5.6450228691	
146	9.1609458923	12.0825128555	240.9741058350	372.3712768555	-5.6994266510	
147	9.2151937485	11.8733568192	247.3780822754	365.9252929688	-5.7538304329	
148	9.2694416046	11.6614761353	253.8660278320	359.3953552246	-5.8082342148	
149	9.3236894608	11.4468708038	260.4379577637	352.7814331055	-5.8626379967	
150	9.3779373169	11.2295398712	267.0939025879	346.0834960938	-5.9170417786	
151	9.4321851730	11.0094842911	273.8338012695	339.3016052246	-5.9714455605	
152	9.4864330292	10.7867040634	280.6576843262	332.4357299805	-6.0258493423	
153	9.5406808853	10.5611982346	287.5655212402	325.4858398438	-6.0802531242	
154	9.5949287415	10.3329677582	294.5573730469	318.4520263672	-6.1346569061	
155	9.7754249573	10.4210557938	68.1410446167	321.1668090820	-6.2484145164	
156	9.9635429382	10.5281028748	64.7999649048	324.4658813477	-6.3679170609	
157	10.1516609192	10.6324253082	61.5428619385	327.6809997559	-6.4874196053	
158	10.3397789001	10.7340230942	58.3697395325	330.8121337891	-6.6069221497	
159	10.5278968811	10.8328952789	55.2806015015	333.8592834473	-6.7264246941	
160	10.7160148621	10.9290428162	52.2754402161	336.8224792480	-6.8459272385	
161	10.9041328430	11.0224657059	49.3542671204	339.7016601562	-6.9654297829	
162	11.0922508240	11.1131629944	46.5170707703	342.4968566895	-7.0849323273	
163	11.2803688049	11.2011356354	43.7638587952	345.2080993652	-7.2044348717	
164	11.4684867859	11.2863826752	41.0946273804	347.8353271484	-7.3239374161	
165	11.6566047668	11.3689050674	38.5093803406	350.3786010742	-7.4434399605	
166	11.8447227478	11.4487028122	36.0081100464	352.8378906250	-7.5629425049	
167	12.0328407288	11.5257749557	33.5908241272	355.2131652832	-7.6824450493	
168	12.2209587097	11.6001224518	31.2575206757	357.5044860840	-7.8019475937	
169	12.4090766907	11.6717453003	29.0081977844	359.7118225098	-7.9214501381	
170	12.5971946716	11.7406425476	26.8428573608	361.8351745605	-8.0409526825	
171	12.7853126526	11.8068151474	24.7614936829	363.8745422363	-8.1604547501	
172	12.9734306335	11.8702621460	22.7641143799	365.8299255371	-8.2799568176	
173	13.1615486145	11.9309844971	20.8507156372	367.7013244629	-8.3994588852	
174	13.3496665955	11.9889822006	19.0212993622	369.4887695312	-8.5189609528	
175	13.5377845764	12.0442543030	17.2758636475	371.1921997070	-8.6384630203	
176	13.7259025574	12.0968017578	15.6144113541	372.8116455078	-8.7579650879	
177	13.9140205383	12.1466245651	14.0369405746	374.3471374512	-8.8774671555	
178	14.1021385193	12.1937217712	12.5434522629	375.7986450195	-8.9969692230	
179	14.2902565002	12.2380943298	11.1339454651	377.1661682129	-9.1164712906	
180	14.4783744812	12.2797422409	9.8084201813	378.4497070312	-9.2359733582	
181	14.6664924622	12.3186645508	8.5668773651	379.6492614746	-9.3554754257	
182	14.8546104431	12.3548622131	7.4093155861	380.7648315430	-9.4749774933	
183	15.0427284241	12.3883342743	6.3357362747	381.7964172363	-9.5944795609	
184	15.2308464050	12.4190816879	5.3461389542	382.7440185547	-9.7139816284	
185	15.4189643860	12.4471044540	4.4405236244	383.6076354980	-9.8334836960	
186	15.6070823669	12.4724016190	3.6188898087	384.3872680664	-9.9529857635	
187	15.7952003479	12.4949741364	2.8812382221	385.0829467773	-10.0724878311	
188	15.9833183289	12.5148220062	2.2275683880	385.6946411133	-10.1919898987	
189	16.1714363098	12.5319442749	1.6578806639	386.2223205566	-10.3114919662	
190	16.3595542908	12.5463418961	1.1721749306	386.6660461426	-10.4309940338	
191	16.5476722717	12.5580139160	0.7704510093	387.0257568359	-10.5504961014	
192	16.7357902527	12.5669612885	0.4527089894	387.3015136719	-10.6699981689	
193	16.9239082336	12.5731840134	0.2189487964	387.4932861328	-10.7895002365	
194	17.1120262146	12.5766811371	0.0691704452	387.6010742188	-10.9090023041	
195	17.3001441956	12.5774536133	0.0033739656	387.6248779297	-11.0285043716	
196	17.4882621765	12.5755014420	0.0215593576	387.5647277832	-11.1480064392	
197	17.6763801575	12.5708236694	0.1237266213	387.4205627441	-11.2675085068	
198	17.8644981384	12.5634212494	0.3098757267	387.1924133301	-11.3870105743	
199	18.0526161194	12.5532932281	0.5800067186	386.8802795410	-11.5065126419	
200	18.2407341003	12.5404405594	0.9341195226	386.4841613770	-11.6260147095	
201	18.4288520813	12.5248632431	1.3722141981	386.0040893555	-11.7455167770	
202	18.6169700623	12.5065603256	1.8942906857	385.4400329590	-11.8650188446	
203	18.8050880432	12.4855327606	2.5003492832	384.7919616699	-11.9845209122	
204	18.9932060242	12.4617805481	3.1903898716	384.0599365234	-12.1040229797	
205	19.1813240051	12.4353027344	3.9644122124	383.2439270020	-12.2235250473	
206	19.3694419861	12.4061002731	4.8224167824	382.3439331055	-12.3430271149	
207	19.5575599670	12.3741731644	5.7644028664	381.3599853516	-12.4625291824	
208	19.7456779480	12.3395204544	6.7903709412	380.2920227051	-12.5820312500	
209	19.9337959290	12.3021430969	7.9003210068	379.1400756836	-12.7015333176	
210	20.1219139099	12.2620401382	9.0942535400	377.9041442871	-12.8210353851	
211	20.3100318909	12.2192125320	10.3721675873	376.5842285156	-12.9405374527	
212	20.4981498718	12.1736602783	11.7340631485	375.1803588867	-13.0600395203	
213	20.6862678528	12.1253824234	13.1799411774	373.6924743652	-13.1795415878	
214	20.8743858337	12.0743799210	14.7098007202	372.1206359863	-13.2990436554	
215	21.0625038147	12.0206527710	16.3236427307	370.4648132324	-13.4185457230	
216	21.2506217957	11.9642000198	18.0214653015	368.7250061035	-13.5380477905	
217	21.4387397766	11.9050226212	19.8032703400	366.9012145996	-13.6575498581	
218	21.6268577576	11.8431196213	21.6690578461	364.9934082031	-13.7770519257	
219	21.8149757385	11.7784919739	23.6188278198	363.0016479492	-13.8965539932	
220	22.0030937195	11.7111396790	25.6525764465	360.9259338379	-14.0160560608	
221	22.1912117004	11.6410617828	27.7703056335	358.7662048340	-14.1355581284	
222	22.3793296814	11.5682592392	29.9720172882	356.5224914551	-14.2550601959	
223	22.5674476624	11.4927320480	32.2577095032	354.1948242188	-14.3745622635	
224	22.7555656433	11.4144792557	34.6273841858	351.7831420898	-14.4940643311	
225	22.9436836243	11.3335018158	37.0810432434	349.2875061035	-14.6135663986	
226	23.1318016052	11.2497987747	39.6186790466	346.7078552246	-14.7330684662	
227	23.3199195862	11.1633710861	42.2402992249	344.0442199707	-14.8525705338	
228	23.5080375671	11.0742187500	44.9458999634	341.2966308594	-14.9720726013	
229	23.6961555481	10.9823408127	47.7354850769	338.4650573730	-15.0915746689	
230	23.8842735291	10.8877382278	50.6090507507	335.5494995117	-15.2110767365	
231	24.0723915100	10.7904109955	53.5665969849	332.5499572754	-15.3305788040	
232	24.2605094910	10.6903581619	56.6081237793	329.4664306641	-15.4500808716	
233	24.4486274719	10.5875806808	59.7336349487	326.2989196777	-15.5695829391	
234	24.6367454529	10.4820785522	62.9431266785	323.0474548340	-15.6890850067	
235	24.8248634338	10.3738508224	66.2365951538	319.7119750977	-15.8085870743	
236	25.0129814148	10.2628984451	69.6140518188	316.2925415039	-15.9280891418	
237	25.2010993958	10.1492204666	73.0754928589	312.7890930176	-16.0475921631	
238	25.3892173767	10.0328178406	76.6209106445	309.2016906738	-16.1670951843	
239	25.5773353577	9.9136905670	80.2503051758	305.5303039551	-16.2865982056	
240	25.7654533386	9.7918376923	83.9636917114	301.7749023438	-16.4061012268	
241	25.9535713196	9.6672601700	87.7610549927	297.9355468750	-16.5256042480	
242	26.1416893005	9.5399580002	91.6423950195	294.0122375488	-16.6451072693	
243	26.3298072815	9.4099302292	95.6077270508	290.0048828125	-16.7646102905	
244	26.5179252625	9.2771778107	99.6570358276	285.9136047363	-16.8841133118	
245	26.7060432434	9.1417007446	103.7903366089	281.7383117676	-17.0036163330	
246	26.8941612244	9.0034980774	108.0076065063	277.4790649414	-17.1231193542	
247	27.0822792053	8.8625707626	112.3088607788	273.1358032227	-17.2426223755	
248	27.2703971863	8.7189178467	116.6940917969	268.7085571289	-17.3621253967	
249	27.4585151672	8.5725402832	121.1633148193	264.1973571777	-17.4816284180	
250	27.6466331482	8.4234380722	125.7165069580	259.6021728516	-17.6011314392	
251	27.8347511292	8.2716102600	130.3536834717	254.9229736328	-17.7206344604	
252	28.0228691101	8.1170578003	135.0748596191	250.1598205566	-17.8401374817	
253	28.2109870911	7.9597802162	139.8799896240	245.3126831055	-17.9596405029	
254	28.3991050720	7.7997775078	144.7691192627	240.3815460205	-18.0791435242	
255	28.5872230530	7.6370501518	149.7422332764	235.3664550781	-18.1986465454	
256	28.7753410339	7.4715976715	154.7993164062	230.2673645020	-18.3181495667	
257	28.9634590149	7.3034200668	159.9403839111	225.0843048096	-18.4376525879	
258	29.1515769958	7.1325173378	165.1654357910	219.8172454834	-18.5571556091	
259	29.3396949768	6.9588899612	170.4744720459	214.4662170410	-18.6766586304	
260	29.5278129578	6.7825374603	175.8674926758	209.0312042236	-18.7961616516	
261	29.7159309387	6.6034598351	181.3444824219	203.5122070312	-18.9156646729	
262	29.9040489197	6.4216575623	186.9054565430	197.9092407227	-19.0351676941	
263	30.0921669006	6.2371301651	192.5504150391	192.2222900391	-19.1546707153	
264	30.2802848816	6.0498776436	198.2793579102	186.4513397217	-19.2741737366	
265	30.4684028625	5.8598999977	204.0922851562	180.5964202881	-19.3936767578	
266	30.6565208435	5.6671977043	209.9891967773	174.6575164795	-19.5131797791	
267	30.8446388245	5.4717702866	215.9700775146	168.6346282959	-19.6326828003	
268	31.0327568054	5.2736177444	222.0349426270	162.5277709961	-19.7521858215	
269	31.2208747864	5.0727400780	228.1837921143	156.3369140625	-19.8716888428	
270	31.4089927673	4.8691377640	234.4166259766	150.0620880127	-19.9911918640	
271	31.5971107483	4.6628103256	240.7334442139	143.7032775879	-20.1106948853	
272	31.7852287292	4.4537577629	247.1342468262	137.2604827881	-20.2301979065	
273	31.9733467102	4.2419800758	253.6190185547	130.7337036133	-20.3497009277	
274	32.1614646912	4.0274777412	260.1877746582	124.1229476929	-20.4692039490	
275	32.3495826721	3.8102502823	266.8405151367	117.4282073975	-20.5887069702	
276	32.5377006531	3.5902979374	273.5772399902	110.6494903564	-20.7082099915	
277	32.7258186340	3.3676204681	280.3979492188	103.7867889404	-20.8277130127	
278	32.9139366150	3.1422181129	287.3026123047	96.8401031494	-20.9472160339	
279	33.1020545959	2.9140906334	294.2912902832	89.8094406128	-21.0667190552	
280	33.2901725769	2.6832382679	301.3639526367	82.6947937012	-21.1862220764	
281	33.4782905579	2.4496607780	308.5205688477	75.4961624146	-21.3057250977	
282	33.6664085388	2.2133584023	315.7611694336	68.2135543823	-21.4252281189	
283	33.8545265198	1.9743309021	323.0857849121	60.8469581604	-21.5447311401	
284	34.0426445007	1.7325785160	330.4943542480	53.3963851929	-21.6642341614	
285	34.2307624817	1.4881011248	337.9869079590	45.8618278503	-21.7837371826	
286	34.4188804626	1.2408987284	345.5634460449	38.2432899475	-21.9032402039	
287	34.6066246033	1.0088723898	353.2239990234	31.0924644470	-22.0234851837	
288	34.7716903687	1.2560747862	345.5635070801	38.7110023499	-22.1889762878	
289	34.9367561340	1.5005521774	337.9869384766	46.2455596924	-22.3544673920	
290	35.1018218994	1.7423045635	330.4943847656	53.6961326599	-22.5199584961	
291	35.2668876648	1.9813320637	323.0858154297	61.0627250671	-22.6854496002	
292	35.4319534302	2.2176344395	315.7612304688	68.3453369141	-22.8509407043	
293	35.5970191956	2.4512119293	308.5205993652	75.5439682007	-23.0164318085	
294	35.7620849609	2.6820642948	301.3639831543	82.6586151123	-23.1819229126	
295	35.9271507263	2.9101917744	294.2913208008	89.6892776489	-23.3474140167	
296	36.0922164917	3.1355941296	287.3026733398	96.6359634399	-23.5129051208	
297	36.2572822571	3.3582715988	280.3979797363	103.4986648560	-23.6783962250	
298	36.4223480225	3.5782241821	273.5772705078	110.2773895264	-23.8438873291	
299	36.5874137878	3.7954516411	266.8405456543	116.9721298218	-24.0093784332	
300	36.7524795532	4.0099539757	260.1878051758	123.5828781128	-24.1748695374	
301	36.9175453186	4.2217316628	253.6190490723	130.1096649170	-24.3403606415	
302	37.0826110840	4.4307842255	247.1342773438	136.5524597168	-24.5058517456	
303	37.2476768494	4.6371116638	240.7334747314	142.9112701416	-24.6713428497	
304	37.4127426147	4.8407139778	234.4166717529	149.1860961914	-24.8368339539	
305	37.5778083801	5.0415916443	228.1838378906	155.3769531250	-25.0023250580	
306	37.7428741455	5.2397441864	222.0349884033	161.4838104248	-25.1678161621	
307	37.9079399109	5.4351716042	215.9701080322	167.5066986084	-25.3333072662	
308	38.0730056763	5.6278738976	209.9892272949	173.4456024170	-25.4987983704	
309	38.2380714417	5.8178515434	204.0923156738	179.3005218506	-25.6642894745	
310	38.4031372070	6.0051040649	198.2794036865	185.0714569092	-25.8297805786	
311	38.5682029724	6.1896314621	192.5504608154	190.7584228516	-25.9952716827	
312	38.7332687378	6.3714342117	186.9055023193	196.3614044189	-26.1607627869	
313	38.8983345032	6.5505118370	181.3445129395	201.8804016113	-26.3262538910	
314	39.0634002686	6.7268643379	175.8675231934	207.3154144287	-26.4917449951	
315	39.2284660339	6.9004917145	170.4745025635	212.6664428711	-26.6572360992	
316	39.3935317993	7.0713944435	165.1654663086	217.9335021973	-26.8227272034	
317	39.5585975647	7.2395720482	159.9404144287	223.1165618896	-26.9882183075	
318	39.7236633301	7.4050245285	154.7993469238	228.2156524658	-27.1537094116	
319	39.8887290955	7.5677518845	149.7422637939	233.2307434082	-27.3192005157	
320	40.0537948608	7.7277545929	144.7691497803	238.1618804932	-27.4846916199	
321	40.2188606262	7.8850321770	139.8800201416	243.0090179443	-27.6501827240	
322	40.3839263916	8.0395851135	135.0748748779	247.7721862793	-27.8156738281	
323	40.5489921570	8.1914129257	130.3537139893	252.4513702393	-27.9811649323	
324	40.7140579224	8.3405151367	125.7165374756	257.0465698242	-28.1466560364	
325	40.8791236877	8.4868927002	121.1633377075	261.5577697754	-28.3121471405	
326	41.0441894531	8.6305456161	116.6941223145	265.9850158691	-28.4776382446	
327	41.2092552185	8.7714729309	112.3088836670	270.3282470703	-28.6431293488	
328	41.3743209839	8.9096755981	108.0076293945	274.5875244141	-28.8086204529	
329	41.5393867493	9.0451526642	103.7903594971	278.7628173828	-28.9741115570	
330	41.7044525146	9.1779050827	99.6570663452	282.8540954590	-29.1396026611	
331	41.8695182800	9.3079328537	95.6077575684	286.8614196777	-29.3050937653	
332	42.0345840454	9.4352350235	91.6424331665	290.7847595215	-29.4705848694	
333	42.1996498108	9.5598125458	87.7610855103	294.6241149902	-29.6360759735	
334	42.3647155762	9.6816654205	83.9637222290	298.3795166016	-29.8015670776	
335	42.5297813416	9.8007926941	80.2503433228	302.0509033203	-29.9670581818	
336	42.6948471069	9.9171953201	76.6209411621	305.6383056641	-30.1325492859	
337	42.8599128723	10.0308732986	73.0755233765	309.1417541504	-30.2980403900	
338	43.0249786377	10.1418256760	69.6140823364	312.5611877441	-30.4635314941	
339	43.1900444031	10.2500534058	66.2366256714	315.8966674805	-30.6290225983	
340	43.3551101685	10.3555555344	62.9431533813	319.1481323242	-30.7945137024	
341	43.5201759338	10.4583330154	59.7336616516	322.3156433105	-30.9600048065	
342	43.6852416992	10.5583858490	56.6081504822	325.3991699219	-31.1254959106	
343	43.8503074646	10.6557130814	53.5666198730	328.3987121582	-31.2909870148	
344	44.0153732300	10.7503156662	50.6090736389	331.3142700195	-31.4564781189	
345	44.1804389954	10.8421936035	47.7355079651	334.1458435059	-31.6219692230	
346	44.3455047607	10.9313459396	44.9459266663	336.8934326172	-31.7874603271	
347	44.5105705261	11.0177736282	42.2403221130	339.5570678711	-31.9529514313	
348	44.6756362915	11.1014766693	39.6187019348	342.1367187500	-32.1184425354	
349	44.8407020569	11.1824541092	37.0810623169	344.6323547363	-32.2839317322	
350	45.0057678223	11.2607069016	34.6274070740	347.0440368652	-32.4494209290	
351	45.1708335876	11.3362340927	32.2577323914	349.3717041016	-32.6149101257	
352	45.3358993530	11.4090366364	29.9720363617	351.6154174805	-32.7803993225	
353	45.5009651184	11.4791145325	27.7703247070	353.7751464844	-32.9458885193	
354	45.6660308838	11.5464668274	25.6525936127	355.8508605957	-33.1113777161	
355	45.8310966492	11.6110944748	23.6188411713	357.8426208496	-33.2768669128	
356	45.9961624146	11.6729974747	21.6690731049	359.7504272461	-33.4423561096	
357	46.1612281799	11.7321748734	19.8032836914	361.5742187500	-33.6078453064	
358	46.3262939453	11.7886276245	18.0214786530	363.3140258789	-33.7733345032	
359	46.4913597107	11.8423547745	16.3236541748	364.9698486328	-33.9388237000	
360	46.6564254761	11.8933572769	14.7098121643	366.5416870117	-34.1043128967	
361	46.8214912415	11.9416351318	13.1799516678	368.0295715332	-34.2698020935	
362	46.9865570068	11.9871873856	11.7340736389	369.4334411621	-34.4352912903	
363	47.1516227722	12.0300149918	10.3721771240	370.7533569336	-34.6007804871	
364	47.3166885376	12.0701179504	9.0942621231	371.9892883301	-34.7662696838	
365	47.4817543030	12.1074953079	7.9003295898	373.1412353516	-34.9317588806	
366	47.6468200684	12.1421480179	6.7903790474	374.2091979980	-35.0972480774	
367	47.8118858337	12.1740760803	5.7644100189	375.1931762695	-35.2627372742	
368	47.9769515991	12.2032785416	4.8224229813	376.0931701660	-35.4282264709	
369	48.1420173645	12.2297563553	3.9644181728	376.9091796875	-35.5937156677	
370	48.3070831299	12.2535085678	3.1903951168	377.6412048340	-35.7592048645	
371	48.4721488953	12.2745361328	2.5003540516	378.2892456055	-35.9246940613	
372	48.6372146606	12.2928390503	1.8942948580	378.8533325195	-36.0901832581	
373	48.8022804260	12.3084163666	1.3722176552	379.3334045410	-36.2556724548	
374	48.9673461914	12.3212690353	0.9341223836	379.7295227051	-36.4211616516	
375	49.1324119568	12.3313970566	0.5800089836	380.0416564941	-36.5866508484	
376	49.2974777222	12.3387994766	0.3098773956	380.2698059082	-36.7521400452	
377	49.4625434875	12.3434772491	0.1237276718	380.4139709473	-36.9176292419	
378	49.6276092529	12.3454294205	0.0215597954	380.4741210938	-37.0831184387	
379	49.7926750183	12.3446569443	0.0033737922	380.4503173828	-37.2486076355	
380	49.9577407837	12.3411598206	0.0691696554	380.3425292969	-37.4140968323	
381	50.1228065491	12.3349370956	0.2189473957	380.1507568359	-37.5795860291	
382	50.2878723145	12.3259897232	0.4527069628	379.8750000000	-37.7450752258	
383	50.4529380798	12.3143177032	0.7704483867	379.5152893066	-37.9105644226	
384	50.6180038452	12.2999200821	1.1721717119	379.0715637207	-38.0760536194	
385	50.7830696106	12.2827978134	1.6578768492	378.5438842773	-38.2415428162	
386	50.9481353760	12.2629499435	2.2275640965	377.9321899414	-38.4070320129	
387	51.1132011414	12.2403774261	2.8812332153	377.2365112305	-38.5725212097	
388	51.2782669067	12.2150802612	3.6188843250	376.4568786621	-38.7380104065	
389	51.4433326721	12.1870574951	4.4405169487	375.5932617188	-38.9034996033	
390	51.6083984375	12.1563100815	5.3461322784	374.6456604004	-39.0689888000	
391	51.7734642029	12.1228380203	6.3357286453	373.6140747070	-39.2344779968	
392	51.9385299683	12.0866403580	7.4093074799	372.4985046387	-39.3999671936	
393	52.1035957336	12.0477180481	8.5668678284	371.2989501953	-39.5654563904	
394	52.2686614990	12.0060710907	9.8084106445	370.0154418945	-39.7309455872	
395	52.4337272644	11.9616985321	11.1339349747	368.6479187012	-39.8964347839	
396	52.5987930298	11.9146013260	12.5434417725	367.1964111328	-40.0619239807	
397	52.7638587952	11.8647785187	14.0369300842	365.6609191895	-40.2274131775	
398	52.9289245605	11.8122310638	15.6143999100	364.0414733887	-40.3929023743	
399	53.0939903259	11.7569589615	17.2758522034	362.3380432129	-40.5583915710	
400	53.2590560913	11.6989612579	19.0212860107	360.5505981445	-40.7238807678	
401	53.4241218567	11.6382389069	20.8507022858	358.6791992188	-40.8893699646	
402	53.5891876221	11.5747919083	22.7640991211	356.7238159180	-41.0548591614	
403	53.7542533875	11.5086193085	24.7614803314	354.6844482422	-41.2203483582	
404	53.9193191528	11.4397220612	26.8428382874	352.5610961914	-41.3858375549	
405	54.0843849182	11.3680992126	29.0081787109	350.3537597656	-41.5513267517	
406	54.2494506836	11.2937517166	31.2574996948	348.0624389648	-41.7168159485	
407	54.4145164490	11.2166795731	33.5908050537	345.6871643066	-41.8823051453	
408	54.5795822144	11.1368818283	36.0080909729	343.2278747559	-42.0477943420	
409	54.7446479797	11.0543594360	38.5093574524	340.6846008301	-42.2132835388	
410	54.9097137451	10.9691123962	41.0946044922	338.0573730469	-42.3787727356	
411	55.0747795105	10.8811397552	43.7638359070	335.3461303711	-42.5442619324	
412	55.2398452759	10.7904424667	46.5170478821	332.5509338379	-42.7097511292	
413	55.4049110413	10.6970195770	49.3542404175	329.6717224121	-42.8752403259	
414	55.5699768066	10.6008720398	52.2754173279	326.7085571289	-43.0407295227	
415	55.7350425720	10.5019998550	55.2805747986	323.6614074707	-43.2062187195	
416	55.9001083374	10.4004020691	58.3697128296	320.5302734375	-43.3717079163	
417	56.0651741028	10.2960796356	61.5428314209	317.3151550293	-43.5371971130	
418	56.2302398682	10.1890325546	64.7999343872	314.0160827637	-43.7026863098	
419	56.3953056335	10.0792598724	68.1410140991	310.6329956055	-43.8681755066	
420	56.5603713989	9.9667625427	71.5660858154	307.1659240723	-44.0336647034	
421	56.7254371643	9.8515405655	75.0751266479	303.6148986816	-44.1991539001	
422	56.8905029297	9.7335929871	78.6681594849	299.9798583984	-44.3646430969	
423	57.0555686951	9.6129207611	82.3451690674	296.2608642578	-44.5301322937	
424	57.2206344604	9.4895229340	86.1061630249	292.4578552246	-44.6956214905	
425	57.3857002258	9.3634004593	89.9511337280	288.5708923340	-44.8611106873	
426	57.5507659912	9.2345533371	93.8800888062	284.5999450684	-45.0265998840	
427	57.7158317566	9.1029806137	97.8930282593	280.5450134277	-45.1920890808	
428	57.8808975220	8.9686832428	101.9899597168	276.4060974121	-45.3575782776	
429	58.0459632874	8.8316612244	106.1708602905	272.1831970215	-45.5230674744	
430	58.2110290527	8.6919136047	110.4357376099	267.8763122559	-45.6885566711	
431	58.3760948181	8.5494413376	114.7846069336	263.4854736328	-45.8540458679	
432	58.5411605835	8.4042444229	119.2174530029	259.0106201172	-46.0195350647	
433	58.7062263489	8.2563219070	123.7342758179	254.4518127441	-46.1850242615	
434	58.8712921143	8.1056747437	128.3350830078	249.8090057373	-46.3505134583	
435	59.0363578796	7.9523024559	133.0198822021	245.0822296143	-46.5160026550	
436	59.2014236450	7.7962050438	137.7886505127	240.2714538574	-46.6814918518	
437	59.3664894104	7.6373825073	142.6414031982	235.3766937256	-46.8469810486	
438	59.5315551758	7.4758353233	147.5781402588	230.3979644775	-47.0124702454	
439	59.6966209412	7.3115630150	152.5988616943	225.3352508545	-47.1779594421	
440	59.8616867065	7.1445655823	157.7035522461	220.1885528564	-47.3434486389	
441	60.0267524719	6.9748430252	162.8922424316	214.9578704834	-47.5089378357	
442	60.1918182373	6.8023958206	168.1649017334	209.6432189941	-47.6744270325	
443	60.3568840027	6.6272234917	173.5215454102	204.2445831299	-47.8399162292	
444	60.5219497681	6.4493260384	178.9621734619	198.7619476318	-48.0054054260	
445	60.6870155334	6.2687034607	184.4867706299	193.1953430176	-48.1708946228	
446	60.8520812988	6.0853562355	190.0953674316	187.5447540283	-48.3363838196	
447	61.0171470642	5.8992838860	195.7879333496	181.8101959229	-48.5018730164	
448	61.1822128296	5.7104864120	201.5644836426	175.9916381836	-48.6673622131	
449	61.3472785950	5.5189642906	207.4250183105	170.0891113281	-48.8328514099	
450	61.5123443604	5.3247170448	213.3695373535	164.1026000977	-48.9983406067	
451	61.6774101257	5.1277446747	219.3980407715	158.0321044922	-49.1638298035	
452	61.8424758911	4.9280471802	225.5105133057	151.8776245117	-49.3293190002	
453	62.0075416565	4.7256250381	231.7069702148	145.6391601562	-49.4948081970	
454	62.1726074219	4.5204777718	237.9874114990	139.3167266846	-49.6602973938	
455	62.3376731873	4.3126053810	244.3518371582	132.9103088379	-49.8257865906	
456	62.5027389526	4.1020078659	250.8002471924	126.4198913574	-49.9912757874	
457	62.6678047180	3.8886854649	257.3326416016	119.8455047607	-50.1567649841	
458	62.8328704834	3.6726381779	263.9490051270	113.1871337891	-50.3222541809	
459	62.9979362488	3.4538660049	270.6493530273	106.4447860718	-50.4877433777	
460	63.1630020142	3.2323687077	277.4336853027	99.6184616089	-50.6532325745	
461	63.3280677795	3.0081465244	284.3020019531	92.7081451416	-50.8187217712	
462	63.4931335449	2.7811992168	291.2543029785	85.7138519287	-50.9842109680	
463	63.6581993103	2.5515270233	298.2905578613	78.6355819702	-51.1497001648	
464	63.8232650757	2.3191297054	305.4108276367	71.4733200073	-51.3151893616	
465	63.9883308411	2.0840075016	312.6150817871	64.2270812988	-51.4806785583	
466	64.1533966064	1.8461601734	319.9032897949	56.8968620300	-51.6461677551	
467	64.3184585571	1.6055879593	327.2755126953	49.4826583862	-51.8116569519	
468	64.4835205078	1.3622906208	334.7316894531	41.9844703674	-51.9771461487	
469	64.6485824585	1.1162683964	342.2718505859	34.4023056030	-52.1426353455	
470	64.8136444092	0.8675211668	349.8959960938	26.7361583710	-52.3081245422	
471	64.9787063599	0.6160489321	357.6041259766	18.9860286713	-52.4736137390	
472	65.1437683105	0.3618516624	365.3962402344	11.1519165039	-52.6391029358	
473	65.3088302612	0.1049294174	373.2723388672	3.2338225842	-52.8045921326	
474	65.4738922119	-0.1547178328	381.2324218750	-4.7682528496	-52.9700813293	
475	65.6389541626	-0.4170900881	389.2764587402	-12.8543109894	-53.1355705261	
476	65.8040161133	-0.6821873188	397.4045104980	-21.0243492126	-53.3010597229	
477	65.9690780640	-0.9500095844	405.6165161133	-29.2783718109	-53.4665489197	
478	66.1341400146	-1.2205568552	413.9125366211	-37.6163749695	-53.6320381165	
479	66.2992019653	-1.4938291311	422.2925109863	-46.0383605957	-53.7975273132	
480	66.4642639160	-1.7698264122	430.7564697266	-54.5443267822	-53.9630165100	
481	66.6293258667	-2.0485486984	439.3044433594	-63.1342773438	-54.1285057068	
482	66.7943878174	-2.3299958706	447.9363708496	-71.8082046509	-54.2939949036	
483	66.9594497681	-2.6141681671	456.6522827148	-80.5661163330	-54.4594841003	
484	67.1245117188	-2.9010653496	465.4521484375	-89.4080123901	-54.6249732971	
485	67.2895736694	-3.1906876564	474.3360290527	-98.3338851929	-54.7904624939	
486	67.4546356201	-3.4830348492	483.3038940430	-107.3437423706	-54.9559516907	
487	67.6196975708	-3.7781071663	492.3557434082	-116.4375839233	-55.1214408875	
488	67.7847595215	-4.0759043694	501.4915466309	-125.6154098511	-55.2869300842	
489	67.9498214722	-4.3764266968	510.7113647461	-134.8772125244	-55.4524192810	
490	68.1148834229	-4.6796741486	520.0151367188	-144.2230072021	-55.6179084778	
491	68.2799453735	-4.9856462479	529.4028930664	-153.6527709961	-55.7833976746	
492	68.4450073242	-5.2943434715	538.8746337891	-163.1665191650	-55.9488868713	
493	68.6100692749	-5.6057658195	548.4303588867	-172.7642517090	-56.1143760681	
494	68.7751312256	-5.9199128151	558.0700683594	-182.4459533691	-56.2798652649	
495	68.9401931763	-6.2367849350	567.7937622070	-192.2116394043	-56.4453544617	
496	69.1052551270	-6.5563821793	577.6014404297	-202.0613250732	-56.6108436584	
497	69.2703170776	-6.8787045479	587.4931030273	-211.9949798584	-56.7763328552	
498	69.4353790283	-7.2037515640	597.4687500000	-222.0126190186	-56.9418220520	
499	69.6004409790	-7.5315237045	607.5283203125	-232.1142272949	-57.1073112488	
500	69.7655029297	-7.8620209694	617.6719360352	-242.2998352051	-57.2728004456	
501	69.9305648804	-8.1952428818	627.8995361328	-252.5694122314	-57.4382896423	
502	70.0956268311	-8.5311899185	638.2111206055	-262.9229736328	-57.6037788391	
503	70.2606887817	-8.8698625565	648.6066284180	-273.3605346680	-57.7692680359	
504	70.4257507324	-9.2112598419	659.0861816406	-283.8820800781	-57.9347572327	
505	70.5908126831	-9.5553817749	669.6496582031	-294.4875793457	-58.1002464294	
506	70.7558746338	-9.9022293091	680.2971801758	-305.1770629883	-58.2657356262	
507	70.9209365845	-10.2518014908	691.0286254883	-315.9505615234	-58.4312248230	
508	71.0859985352	-10.6040983200	701.8440551758	-326.8079833984	-58.5967140198	
509	71.2510604858	-10.9591207504	712.7435302734	-337.7494506836	-58.7622032166	
510	71.4161224365	-11.3168678284	723.7269287109	-348.7748413086	-58.9276924133	
511	71.5811843872	-11.6773395538	734.7943115234	-359.8842468262	-59.0931816101	
512	71.7462463379	-12.0405368805	745.9456787109	-371.0776367188	-59.2586708069	
513	71.9113082886	-12.4064588547	757.1810913086	-382.3549804688	-59.4241600037	
514	72.0763702393	-12.7751064301	768.5004272461	-393.7163391113	-59.5896492004	
515	72.2414321899	-13.1464786530	779.9037475586	-405.1616821289	-59.7551383972	
516	72.4064941406	-13.5205755234	791.3910522461	-416.6909790039	-59.9206275940	
517	72.5715560913	-13.8973979950	802.9623413086	-428.3042907715	-60.0861167908	
518	72.7366180420	-14.2769451141	814.6176147461	-440.0015563965	-60.2516059875	
519	72.9016799927	-14.6592168808	826.3568725586	-451.7828063965	-60.4170951843	
520	73.0667419434	-15.0442142487	838.1800537109	-463.6480407715	-60.5825843811	
521	73.2318038940	-15.4319362640	850.0872802734	-475.5972595215	-60.7480735779	
522	73.3968658447	-15.8223838806	862.0784912109	-487.6304626465	-60.9135627747	
523	73.5619277954	-16.2155551910	874.1536865234	-499.7476196289	-61.0790519714	
524	73.7269897461	-16.6114521027	886.3128051758	-511.9487915039	-61.2445411682	
525	73.8920516968	-17.0100746155	898.5559692383	-524.2339477539	-61.4100303650	
526	74.0571136475	-17.4114208221	910.8831176758	-536.6030273438	-61.5755195618	
527	74.2221755981	-17.8154926300	923.2941894531	-549.0561523438	-61.7410087585	
528	74.3872375488	-18.2222900391	935.7893066406	-561.5932617188	-61.9064979553	
529	74.5522994995	-18.6318130493	948.3683471680	-574.2143554688	-62.0719871521	
530	74.7173614502	-19.0440597534	961.0313720703	-586.9193725586	-62.2374763489	
531	74.8824234009	-19.4590320587	973.7784423828	-599.7084350586	-62.4029655457	
532	75.0474853516	-19.8767299652	986.6094360352	-612.5814819336	-62.5684547424	
533	75.2125473022	-20.2971515656	999.5244140625	-625.5384521484	-62.7339439392	
534	75.3776092529	-20.7202987671	1012.5234375000	-638.5794677734	-62.8994331360	
535	75.5426712036	-21.1461715698	1025.6063232422	-651.7044067383	-63.0649223328	
536	75.7077331543	-21.5747680664	1038.7733154297	-664.9133300781	-63.2304115295	
537	75.8727951050	-22.0060901642	1052.0242919922	-678.2062988281	-63.3959007263	
538	76.0378570557	-22.4401378632	1065.3591308594	-691.5831909180	-63.5613899231	
539	76.2029190063	-22.8769092560	1078.7780761719	-705.0440673828	-63.7268791199	
540	76.3679809570	-23.3164062500	1092.2808837891	-718.5889282227	-63.8923683167	
541	76.5330429077	-23.7586288452	1105.8676757812	-732.2178344727	-64.0578613281	
542	76.6981048584	-24.2035751343	1119.5385742188	-745.9306640625	-64.2233505249	
543	76.8631668091	-24.6512470245	1133.2933349609	-759.7274169922	-64.3888397217	
544	77.0282287598	-25.1016445160	1147.1322021484	-773.6082763672	-64.5543289185	
545	77.1932907104	-25.5547657013	1161.0549316406	-787.5729980469	-64.7198181152	
546	77.3583526611	-26.0106124878	1175.0616455078	-801.6217651367	-64.8853073120	
547	77.5234146118	-26.4691848755	1189.1524658203	-815.7545166016	-65.0507965088	
548	77.6884765625	-26.9304828644	1203.3271484375	-829.9712524414	-65.2162857056	
549	77.8535385132	-27.3945045471	1217.5858154297	-844.2719726562	-65.3817749023	
550	78.0186004639	-27.8612518311	1231.9285888672	-858.6566772461	-65.5472640991	
551	78.1836624146	-28.3307247162	1246.3552246094	-873.1253662109	-65.7127532959	
552	78.3487243652	-28.8029212952	1260.8658447266	-887.6779785156	-65.8782424927	
553	78.5137863159	-29.2778434753	1275.4604492188	-902.3146362305	-66.0437316895	
554	78.6788482666	-29.7554912567	1290.1390380859	-917.0352783203	-66.2092208862	
555	78.8439102173	-30.2358627319	1304.9017333984	-931.8398437500	-66.3747100830	
556	79.0089721680	-30.7189598083	1319.7482910156	-946.7284545898	-66.5401992798	
557	79.1740341187	-31.2047824860	1334.6788330078	-961.7010498047	-66.7056884766	
558	79.3390960693	-31.6933288574	1349.6933593750	-976.7575683594	-66.8711776733	
559	79.5041580200	-32.1846008301	1364.7918701172	-991.8980712891	-67.0366668701	
560	79.6692199707	-32.6785964966	1379.9743652344	-1007.1225585938	-67.2021560669	
561	79.8342819214	-33.1753196716	1395.2408447266	-1022.4310913086	-67.3676452637	
562	79.9993438721	-33.6747665405	1410.5913085938	-1037.8234863281	-67.5331344604	
563	80.1644058228	-34.1769371033	1426.0257568359	-1053.2999267578	-67.6986236572	
564	80.3294677734	-34.6818351746	1441.5441894531	-1068.8604736328	-67.8641128540	
565	80.4945297241	-35.1894569397	1457.1466064453	-1084.5047607422	-68.0296020508	
566	80.6595916748	-35.6998023987	1472.8330078125	-1100.2331542969	-68.1950912476	
567	80.8246536255	-36.2128753662	1488.6033935547	-1116.0455322266	-68.3605804443	
568	80.9897155762	-36.7286720276	1504.4576416016	-1131.9418945312	-68.5260696411	
569	81.1547775269	-37.2471923828	1520.3959960938	-1147.9222412109	-68.6915588379	
570	81.3198394775	-37.7684402466	1536.4183349609	-1163.9865722656	-68.8570480347	
571	81.4849014282	-38.2924118042	1552.5246582031	-1180.1348876953	-69.0225372314	
572	81.6499633789	-38.8191070557	1568.7149658203	-1196.3670654297	-69.1880264282	
573	81.8150253296	-39.3485298157	1584.9891357422	-1212.6833496094	-69.3535156250	
574	81.9800872803	-39.8806762695	1601.3474121094	-1229.0836181641	-69.5190048218	
575	82.1451492310	-40.4155464172	1617.7897949219	-1245.5678710938	-69.6844940186	
576	82.3102111816	-40.9531440735	1634.3162841797	-1262.1361083984	-69.8499832153	
577	82.4752731323	-41.4934654236	1650.9266357422	-1278.7882080078	-70.0154724121	
578	82.6403350830	-42.0365142822	1667.6209716797	-1295.5244140625	-70.1809616089	
579	82.8053970337	-42.5822868347	1684.3992919922	-1312.3446044922	-70.3464508057	
580	82.9704589844	-43.1307830811	1701.2617187500	-1329.2487792969	-70.5119400024	
581	83.1355209351	-43.6820068359	1718.2080078125	-1346.2369384766	-70.6774291992	
582	83.3005828857	-44.2359542847	1735.2382812500	-1363.3090820312	-70.8429183960	
583	83.4656448364	-44.7926254272	1752.3525390625	-1380.4650878906	-71.0084075928	
584	83.6307067871	-45.3520240784	1769.5509033203	-1397.7052001953	-71.1738967896	
585	83.7957687378	-45.9141464233	1786.8331298828	-1415.0292968750	-71.3393859863	
586	83.9608306885	-46.4789924622	1804.1993408203	-1432.4373779297	-71.5048751831	
587	84.1258926392	-47.0465660095	1821.6495361328	-1449.9294433594	-71.6703643799	
588	84.2909545898	-47.6168632507	1839.1837158203	-1467.5053710938	-71.8358535767	
589	84.4560165405	-48.1898841858	1856.8020019531	-1485.1652832031	-72.0013427734	
590	84.6210784912	-48.7656326294	1874.5041503906	-1502.9093017578	-72.1668319702	
591	84.7861404419	-49.3441047668	1892.2902832031	-1520.7373046875	-72.3323211670	
592	84.9512023926	-49.9253005981	1910.1604003906	-1538.6491699219	-72.4978103638	
593	85.1162643433	-50.5092239380	1928.1145019531	-1556.6451416016	-72.6632995605	
594	85.2813262939	-51.0958709717	1946.1525878906	-1574.7249755859	-72.8287887573	
595	85.4463882446	-51.6852416992	1964.2747802734	-1592.8889160156	-72.9942779541	
596	85.6114501953	-52.2773399353	1982.4808349609	-1611.1367187500	-73.1597671509	
597	85.7765121460	-52.8721618652	2000.7708740234	-1629.4686279297	-73.3252563477	
598	85.9415740967	-53.4697113037	2019.1448974609	-1647.8845214844	-73.4907455444	
599	86.1066360474	-54.0699844360	2037.6029052734	-1666.3842773438	-73.6562347412	
