2   2.4122037769    1.7218802597    0.001
4   1.4672189820    0.6555791936    0.001
8   2.2153284876    1.4997303034    0.001
16  0.5752483950    0.3509017497    0.001
32  1.2891036213    0.4545975482    0.001
64  1.0507911407    0.1856907324    0.001
128 0.8327224548    0.0603734091    0.001
256 1.0292551825    0.1613900078    0.001
512 0.9303505841    0.0497881289    0.001
1024    0.9012858521    0.0169920935    0.001
2048    0.8939109367    0.0086703934    0.001
4096    0.8628357452    0.0263942024    0.001
8192    0.9010103119    0.0166811797    0.002
16384   0.8644138280    0.0246135268    0.002
32768   0.8781416178    0.0091233761    0.003
65536   0.8964125075    0.0114931135    0.006
131072  0.8931850537    0.0078513222    0.007
262144  0.8872479818    0.0011520545    0.016
524288  0.8863394412    0.0001268763    0.030
1048576 0.8827243503    0.0039523166    0.053
2097152 0.8862139621    0.0000147117    0.092
4194304 0.8869709305    0.0008394356    0.173
8388608 0.8855496421    0.0007643164    0.344
16777216    0.8863519194    0.0001409565    0.677
33554432    0.8862806539    0.0000605419    1.355
67108864    0.8860355909    0.0002159820    2.666
134217728   0.8862215319    0.0000061701    5.324
268435456   0.8861332320    0.0001058058    10.616
536870912   0.8862420872    0.0000170241    21.291
1073741824  0.8862164029    0.0000119575    42.599