2   0.0017227780    0.9980560534    0.114
4   0.2683545938    0.6971942925    0.139
8   2.1951498177    1.4769611146    0.123
16  0.8148194834    0.0805747474    0.140
32  1.0420749732    0.1758555914    0.140
64  0.7704437108    0.1306474404    0.138
128 1.0873991940    0.2269984936    0.143
256 0.8141959766    0.0812782994    0.143
512 0.9174348263    0.0352142581    0.125
1024    0.8902864189    0.0045805634    0.155
2048    0.9267922822    0.0457730155    0.123
4096    0.8939515312    0.0087161994    0.108
8192    0.8556746555    0.0344746262    0.128
16384   0.8892805891    0.0034456060    0.142
32768   0.8975550510    0.0127823357    0.152
65536   0.8889714625    0.0030967940    0.154
131072  0.8880706317    0.0020803154    0.170
262144  0.8800266845    0.0069963062    0.194
524288  0.8873755393    0.0012959877    0.259
1048576 0.8865910851    0.0004108260    0.363
2097152 0.8885748826    0.0026493016    0.536
4194304 0.8858719478    0.0004006335    0.984
8388608 0.8862267132    0.0000003236    1.565
16777216    0.8868224246    0.0006718646    2.829
33554432    0.8859822218    0.0002762026    5.599
67108864    0.8865497438    0.0003641774    11.095
134217728   0.8862640970    0.0000418595    22.548
268435456   0.8861378323    0.0001006150    44.784
536870912   0.8863366663    0.0001237452    88.573
1073741824  0.8863144316    0.0000986560    207.948